20150102 1 seconds eigen_pairs: 
[(2.256428322968869, array([0.15988328, 0.28468534, 0.35356584, 0.22083935, 0.31313216,
       0.25623365, 0.11138879, 0.23825971, 0.28508223, 0.34774583,
       0.27529313, 0.34384984, 0.30085234])), (1.297157444123453, array([-0.01070767, -0.35588322,  0.14596745,  0.01740269,  0.34480685,
        0.46384022, -0.5948147 , -0.32044937, -0.1967961 ,  0.01669318,
       -0.10078378,  0.10833346,  0.01379886])), (0.9743365272484568, array([-0.92035925,  0.14105019,  0.1041209 , -0.23745856, -0.03108281,
        0.06351099, -0.04071599,  0.08667511,  0.05558163, -0.00936134,
       -0.03881527,  0.18124736,  0.11879236])), (0.9474604584840937, array([-0.30889795, -0.00940604, -0.02475665,  0.87506771,  0.0880953 ,
       -0.02625938,  0.10379573, -0.19197816,  0.08739618, -0.06378942,
       -0.01541632, -0.15277884, -0.21626711])), (0.9117300301173529, array([ 0.08897348,  0.02347723,  0.11348053, -0.00674041,  0.14571168,
        0.0025654 , -0.20710704,  0.42464896,  0.50031778, -0.26813383,
       -0.57421161,  0.03060882, -0.28509863])), (0.8962443430586131, array([-0.02832551,  0.1102917 , -0.08094508, -0.20756301,  0.11707027,
        0.14611217, -0.13178247, -0.08372686,  0.34959717, -0.22519993,
        0.65784767, -0.12108788, -0.50755183])), (0.8677012936107539, array([-0.05811994, -0.23135219, -0.24321291,  0.1769833 ,  0.00299952,
        0.13358778, -0.09507826,  0.74540728, -0.43003108, -0.04912148,
        0.23670154,  0.09812213, -0.13077009])), (0.8579697846652904, array([ 0.00627155,  0.32570956,  0.00355158, -0.10429337,  0.14038509,
        0.03771394,  0.15065643, -0.0919614 , -0.33055579,  0.44355503,
       -0.23188438,  0.22736134, -0.64747812]))]
20150102 5 seconds eigen_pairs: 
[(3.447990380725102, array([0.16025434, 0.310788  , 0.33214006, 0.20364003, 0.29702959,
       0.27238908, 0.20243314, 0.26766514, 0.30037535, 0.30371349,
       0.26378114, 0.33461147, 0.2947615 ])), (1.081177467865373, array([-0.21366524,  0.25438776, -0.11977953, -0.38358739, -0.2235728 ,
       -0.21561271,  0.56768626,  0.32219612,  0.34224849, -0.27870389,
       -0.03573472,  0.0424472 , -0.08779133])), (0.9780023331886211, array([ 0.80617974, -0.02026776, -0.04335018, -0.36392822, -0.06973477,
       -0.14417585,  0.01996267, -0.07440608, -0.04072045, -0.09580819,
        0.41166093, -0.05033618, -0.03033566])), (0.8687035295524623, array([ 0.16388789,  0.01982706, -0.06485991,  0.6187627 ,  0.22383199,
       -0.00555512,  0.35733275, -0.14781834,  0.0976872 , -0.30538571,
        0.09602054, -0.1441311 , -0.50319781])), (0.8559702611345259, array([-0.28959273,  0.01279896,  0.12381213, -0.33804226,  0.33961839,
        0.14695842,  0.39262573, -0.61501182, -0.21110107,  0.01875149,
        0.24384035, -0.06041554,  0.0949466 ])), (0.8082941891366785, array([-0.32503754, -0.28942776,  0.00650104, -0.04094363,  0.26071388,
       -0.43017249, -0.28417267,  0.13240081,  0.14097502, -0.04482526,
        0.54284836,  0.30582344, -0.21786183])), (0.7943686144669492, array([ 0.01146409, -0.13995985,  0.13149179, -0.34270181,  0.26793875,
        0.63347477, -0.21891561,  0.23107878,  0.08687856, -0.37572755,
       -0.09843325,  0.0317089 , -0.33425837]))]
20150102 10 seconds eigen_pairs: 
[(4.249506080811331, array([-0.17292226, -0.32147773, -0.32055017, -0.1947695 , -0.30609812,
       -0.28236347, -0.21701743, -0.2848358 , -0.32176105, -0.28627097,
       -0.25970975, -0.3118097 , -0.27249497])), (1.0713715576103013, array([-0.09891813,  0.12089969, -0.20824654, -0.40030097, -0.16788145,
       -0.08335065,  0.68647323,  0.1814413 ,  0.29748274, -0.35349173,
        0.07392833,  0.04264407, -0.10934683])), (0.9798994413077161, array([ 0.78066179, -0.02688735,  0.04053909, -0.36707989, -0.02776054,
       -0.04040435,  0.00644253, -0.18389923, -0.17348739,  0.05166414,
        0.40293375, -0.12717046, -0.0767763 ])), (0.8425650129732791, array([-0.33556901, -0.15760387,  0.08962064, -0.72198153,  0.08907635,
        0.3196605 , -0.25465042, -0.01178159, -0.07067019,  0.06131274,
        0.08837333,  0.16673955,  0.33733775])), (0.7943137892854115, array([-0.29100481,  0.39833553, -0.03754627,  0.04153016,  0.19894354,
       -0.23018645,  0.09774728, -0.58998295,  0.03948621,  0.00733482,
        0.32098945, -0.32961737,  0.30002832])), (0.7727283984854136, array([-0.02474929, -0.10333339, -0.09774697,  0.12410239, -0.60128949,
       -0.25014689,  0.1413429 ,  0.2063851 , -0.25031958,  0.2732541 ,
        0.16947165,  0.05435835,  0.55502748]))]
20150102 20 seconds eigen_pairs: 
[(5.035166203046435, array([0.19200916, 0.3063888 , 0.30428137, 0.22427399, 0.32380421,
       0.28734528, 0.23823133, 0.29516914, 0.32186984, 0.27696854,
       0.26224021, 0.27459531, 0.2656928 ])), (1.0071968375708698, array([-0.68446883, -0.16370651,  0.20246276, -0.16300142,  0.09812663,
        0.17133733, -0.39811623,  0.06520483,  0.1245916 ,  0.11625773,
       -0.24919896,  0.30145997,  0.23106556])), (0.8898832852864395, array([-0.39223556,  0.32452449, -0.25825441,  0.37948248,  0.09475497,
        0.05404129,  0.39766063, -0.006614  ,  0.24293591, -0.36425339,
       -0.37740491, -0.02014384, -0.15974201])), (0.8531800840515724, array([-1.58997097e-04, -5.08331081e-02, -1.10030541e-01, -6.67295208e-01,
       -2.79948227e-01,  2.53129528e-01,  4.36966351e-01,  3.30082866e-01,
        4.62026728e-02, -1.99726109e-01,  8.00102299e-03,  2.32532894e-01,
       -3.90605735e-02])), (0.7337213514810175, array([ 0.0639643 , -0.11912051,  0.21325896,  0.04183476,  0.19197508,
        0.24467725, -0.23159108, -0.07375307,  0.10933089, -0.29971498,
        0.22393203,  0.28895661, -0.73706867]))]
20150102 30 seconds eigen_pairs: 
[(5.435387511178339, array([0.20616074, 0.29121571, 0.28953237, 0.25233613, 0.31817724,
       0.28766794, 0.24683757, 0.30186135, 0.31492926, 0.29388122,
       0.27183746, 0.27004335, 0.23829469])), (0.995608268294771, array([-0.72054329,  0.1859515 ,  0.12216432,  0.18628277,  0.23562697,
        0.21578603,  0.04891826, -0.08852757,  0.17089965, -0.24298815,
       -0.43651692,  0.04161161,  0.06141444])), (0.8892180153394246, array([-0.19446221, -0.44304105,  0.2152063 , -0.41153367,  0.00868428,
        0.19331209, -0.46005082,  0.138829  , -0.02171554,  0.23109728,
       -0.01871574,  0.2828025 ,  0.38425914])), (0.7960567760218009, array([-0.01553727,  0.07924413, -0.09052238, -0.31869256, -0.30939147,
       -0.16404292,  0.63105858,  0.16141727, -0.14364652, -0.06795065,
       -0.24750539,  0.18304137,  0.4655979 ])), (0.775258590091101, array([-0.10696823,  0.08441533,  0.25480741,  0.40984069, -0.06548727,
       -0.20317124, -0.08538238, -0.32267768, -0.41424164,  0.23027185,
        0.13334342, -0.28949184,  0.51512156]))]
20150102 60 seconds eigen_pairs: 
[(6.116380915951728, array([0.22763177, 0.30663247, 0.30530572, 0.2691741 , 0.30743995,
       0.28633982, 0.23905371, 0.29964278, 0.32429769, 0.26814013,
       0.25585568, 0.256952  , 0.23769132])), (1.066693301644023, array([-0.5603054 , -0.1528235 ,  0.21572266,  0.18697873,  0.2641163 ,
        0.37424537, -0.39379904,  0.06956893,  0.23475514, -0.27700446,
       -0.25717934,  0.09252769, -0.07019236])), (0.8670869800143008, array([-0.12558498, -0.37802121,  0.10522656, -0.38215725, -0.28666486,
        0.147343  ,  0.04229291,  0.34561985, -0.16189649,  0.2388796 ,
       -0.20221251,  0.24583472,  0.52391275])), (0.8228015256239406, array([ 0.22220773, -0.21150751,  0.04290408, -0.4302466 ,  0.25436533,
       -0.03787487, -0.48235196, -0.15429634,  0.13814386,  0.32899089,
        0.24521232,  0.34124   , -0.30403264]))]
20150102 120 seconds eigen_pairs: 
0
20170103 1 seconds eigen_pairs: 
[(2.2101335795392174, array([-0.15699305, -0.29344519, -0.36592187, -0.22156606, -0.10330348,
       -0.24832694, -0.18958321, -0.27582297, -0.35544857, -0.32510413,
       -0.23331124, -0.34682205, -0.33932099])), (1.009774830690711, array([-0.06811648,  0.21939827,  0.00679042,  0.28711166,  0.7756354 ,
       -0.15976881,  0.10407433,  0.11918071,  0.11868111, -0.26933292,
        0.00079712, -0.30361994, -0.18374533])), (1.0051799834903226, array([-0.63493762, -0.1388885 , -0.09378066, -0.27974002,  0.26433442,
        0.17281211,  0.32728866, -0.08583702, -0.24593277,  0.23371055,
        0.3821536 ,  0.12040017,  0.02551887])), (0.9806650503862309, array([-0.42007847,  0.23921291,  0.09385179,  0.44655407, -0.44561761,
        0.08308056,  0.46534048, -0.1119557 ,  0.05625486, -0.24914967,
       -0.19910807, -0.05765477, -0.12381854])), (0.9613271679815145, array([-0.38095635, -0.26385627, -0.0427484 ,  0.24452644, -0.02195384,
        0.47201168, -0.54180823,  0.41895321,  0.12746416, -0.08004618,
       -0.05236146, -0.04058407, -0.06506364])), (0.9462151140785787, array([ 0.01669581, -0.12230762, -0.1314644 ,  0.48258651, -0.14547217,
       -0.25479811, -0.20857066, -0.2444304 , -0.02786734, -0.07358249,
        0.69326829, -0.11590332,  0.21215992])), (0.9223085050540624, array([-0.43243346,  0.50295096,  0.17430329, -0.19883978, -0.00396855,
       -0.32845235, -0.49553617, -0.24431787,  0.1825548 ,  0.02026864,
       -0.07340642,  0.17503274,  0.08495108])), (0.8926901667256962, array([-0.17504371, -0.19278569, -0.09034441, -0.00799603, -0.14957328,
       -0.66496699,  0.13997198,  0.6305297 ,  0.10293222,  0.10318293,
        0.00125107,  0.13473328, -0.05345852]))]
20170103 5 seconds eigen_pairs: 
[(3.6017072795804705, array([0.17780004, 0.28897264, 0.34621485, 0.21735155, 0.34582031,
       0.24958399, 0.2112472 , 0.25768107, 0.33977723, 0.29552172,
       0.22165938, 0.32206715, 0.26310643])), (1.027863414277388, array([ 0.06389672,  0.35317641,  0.12959347,  0.25433309,  0.1316548 ,
       -0.17465773,  0.61427413, -0.27890686,  0.05375421, -0.25299554,
       -0.13808816, -0.35402996, -0.27466704])), (0.9624400548641181, array([ 0.09819116, -0.12441115, -0.120859  ,  0.32825547, -0.2360682 ,
       -0.42539552,  0.17051835, -0.27115252, -0.23363359,  0.25106612,
        0.51465415,  0.0210632 ,  0.36097184])), (0.9273792721909182, array([-0.93512159,  0.07175284,  0.04306319,  0.26989032, -0.08862174,
        0.01608806,  0.03745592,  0.10658008,  0.10234856, -0.04876875,
        0.09648773,  0.04076901,  0.03167667])), (0.855438123809678, array([-0.16935711,  0.2565463 ,  0.00839905, -0.3778529 ,  0.05462229,
       -0.32163974, -0.00478751, -0.41055501,  0.19347067,  0.31838043,
       -0.44440972,  0.14679307,  0.36027706])), (0.847913700775792, array([-0.15732388,  0.058836  , -0.10435032, -0.70709208,  0.07545415,
        0.10682403,  0.36644576,  0.00443901, -0.0365411 ,  0.09107815,
        0.5222682 , -0.06522145, -0.15120856])), (0.7867677335475061, array([-0.04360143, -0.26447523, -0.14022042,  0.12383397, -0.01485845,
        0.71643949,  0.16966222, -0.56535002, -0.01299442,  0.08297722,
       -0.07737077,  0.01132197,  0.13444117]))]
20170103 10 seconds eigen_pairs: 
[(4.154985043925225, array([0.16264197, 0.28953898, 0.34532986, 0.23566405, 0.33999836,
       0.26860855, 0.22841794, 0.25206966, 0.34031853, 0.30450857,
       0.21126921, 0.31449987, 0.24366818])), (1.0813441442927507, array([ 0.43837377, -0.15267045, -0.0856009 ,  0.14281105, -0.19053858,
       -0.24697012,  0.22841632, -0.36257825, -0.32289192,  0.16157357,
        0.45449784,  0.04327053,  0.37021025])), (1.018900902370843, array([-0.16302199,  0.3544118 ,  0.05390368,  0.2668573 ,  0.11482076,
       -0.14616326,  0.62510907, -0.33732762,  0.07588284, -0.16258075,
       -0.07683187, -0.37895316, -0.22999904])), (0.906218637215639, array([-7.46099749e-01, -7.15063048e-02, -3.18634551e-04,  4.83025210e-01,
       -1.89179593e-01, -7.54267513e-02, -1.33079690e-01, -8.57527879e-02,
       -3.10314192e-02,  6.16388970e-02,  1.29572316e-01,  1.92385645e-01,
        2.82494558e-01])), (0.8424363781307125, array([ 0.28809518, -0.12241005,  0.1209128 ,  0.3976704 , -0.20374939,
        0.37667944,  0.01836881, -0.08545545, -0.06609507, -0.31688276,
       -0.57502189,  0.0028957 ,  0.32058108])), (0.8163046282298051, array([-0.08512297, -0.10004811,  0.09254918, -0.32289335,  0.16598125,
       -0.30561923,  0.03621183, -0.4320363 ,  0.24695557,  0.38252185,
       -0.4987939 ,  0.15528437,  0.2842197 ]))]
20170103 20 seconds eigen_pairs: 
[(4.820571081125465, array([-0.16392088, -0.2898542 , -0.34345192, -0.23926919, -0.34035325,
       -0.2848015 , -0.22241655, -0.28814134, -0.32000707, -0.30380231,
       -0.22112526, -0.30528636, -0.21831682])), (1.3375220086731507, array([ 0.42334291, -0.20105628,  0.02869108,  0.14985676, -0.26339743,
       -0.08303387,  0.20399801, -0.3675233 , -0.37913819,  0.09721331,
        0.39061596,  0.08890702,  0.4363875 ])), (0.9773365598822146, array([-0.09549785,  0.26610471,  0.08513026,  0.4986281 ,  0.07875832,
       -0.20371389,  0.58233171, -0.25651551,  0.01582122, -0.3258733 ,
       -0.18929129, -0.22303911, -0.13984741])), (0.8884881490101025, array([-0.62828895, -0.17484135,  0.0460039 ,  0.37753242, -0.03904407,
       -0.24297708, -0.24305506, -0.15817713,  0.075049  ,  0.10534215,
       -0.0790129 ,  0.38174852,  0.34157585])), (0.7636457668209501, array([-0.39044526,  0.09948672, -0.05858427, -0.26592387,  0.16601952,
       -0.2476278 ,  0.22171023, -0.16341357, -0.0433252 ,  0.2922011 ,
        0.63331874, -0.04005228, -0.32986433]))]
20170103 30 seconds eigen_pairs: 
[(5.003558040459268, array([0.19193009, 0.28605628, 0.34511514, 0.23143899, 0.32767082,
       0.29406792, 0.22238277, 0.27174124, 0.32171696, 0.29549668,
       0.22271687, 0.31594101, 0.22645765])), (1.414575397890859, array([-0.27548172,  0.13350283,  0.04802189, -0.15064284,  0.20901857,
        0.13469953, -0.40201605,  0.45111104,  0.3230148 , -0.18156325,
       -0.38250614,  0.06067138, -0.40870638])), (1.0597320240212595, array([ 0.23380591, -0.32870282, -0.13682765, -0.49125581, -0.12983833,
        0.27134627, -0.4019297 ,  0.22463519, -0.15900181,  0.27463011,
        0.30629621,  0.27375136,  0.0726601 ])), (0.8255048110863138, array([ 0.77101592,  0.12894863,  0.01261837, -0.20599351,  0.06859964,
        0.13100768,  0.12034944,  0.14127534, -0.07052728, -0.23465257,
       -0.33751301, -0.33937047,  0.02965212])), (0.7170151406700758, array([ 0.37192566, -0.25631596, -0.05547995,  0.41358309,  0.00893868,
       -0.04028251, -0.03006282, -0.05037593,  0.10151392, -0.12464308,
        0.3300285 ,  0.12632948, -0.68262832]))]
20170103 60 seconds eigen_pairs: 
[(5.41838759842873, array([-0.20086839, -0.27542233, -0.32551751, -0.27769068, -0.30193781,
       -0.2959661 , -0.23981785, -0.28442783, -0.28949117, -0.29586959,
       -0.2337921 , -0.30708415, -0.25148188])), (1.4643994593113931, array([ 0.35385219, -0.21455135, -0.12111343, -0.09014435, -0.33006502,
        0.26562888,  0.19288591, -0.28102556, -0.42420032,  0.09176314,
        0.4995684 ,  0.06683856,  0.26053323])), (0.9979862360629346, array([ 0.04584733,  0.39147686,  0.07310433,  0.2802749 , -0.00331552,
        0.00487936,  0.52819458, -0.17014351, -0.20309762, -0.36844481,
       -0.26528655, -0.39779718,  0.21714681])), (0.7724570948950266, array([ 0.72142465,  0.06226788,  0.00896502,  0.09125651,  0.11052643,
       -0.10133257,  0.03542878, -0.1414621 ,  0.05601196, -0.1222997 ,
       -0.04558693,  0.08745722, -0.62903773]))]
20170103 120 seconds eigen_pairs: 
0
20170104 1 seconds eigen_pairs: 
[(2.1326596921813987, array([-0.09881265, -0.23779602, -0.3388278 , -0.25954614, -0.34911352,
       -0.27107403, -0.2254443 , -0.24267779, -0.35952492, -0.23833617,
       -0.24360535, -0.29206465, -0.34019699])), (1.0467684645320539, array([-0.7352396 ,  0.15025352,  0.30822544,  0.19570165,  0.19380031,
       -0.1940124 ,  0.07456383, -0.01192525, -0.11337018, -0.44705529,
       -0.08739265,  0.02640044,  0.03996885])), (1.0077019792599031, array([ 0.12656185,  0.02141076,  0.26374257, -0.44374143, -0.28285835,
       -0.37047595, -0.0517278 ,  0.63193307, -0.02077873, -0.17849362,
        0.04655719,  0.07906458,  0.23889354])), (0.9782336600041951, array([-0.31109239, -0.57080416, -0.02226315, -0.01311344,  0.06543996,
        0.2988528 , -0.53553066,  0.17376923, -0.00609822,  0.043147  ,
        0.38267339,  0.02033126,  0.13191349])), (0.9482444682275251, array([-0.29910539, -0.15266   ,  0.02887922, -0.17970984, -0.21536377,
       -0.33092854,  0.35025744, -0.26656524, -0.12560512,  0.47705862,
        0.36482562,  0.35694457, -0.02449407])), (0.9302372425399669, array([ 0.20134933,  0.41033208,  0.16348541,  0.34885738, -0.18797959,
       -0.27535561, -0.49022503, -0.16731454, -0.10715106, -0.04497553,
        0.48201752,  0.01477898, -0.13085048])), (0.9149820869547513, array([ 0.09518963, -0.10169646,  0.06703544,  0.03061027,  0.0170063 ,
       -0.14930741, -0.39638767, -0.25555766,  0.06224037,  0.0241495 ,
       -0.50964354,  0.64254071,  0.23043228])), (0.8988639576105667, array([ 0.33839279, -0.55110195,  0.12070865,  0.53533395, -0.0796097 ,
       -0.16352888,  0.32443285,  0.0542783 , -0.22200962, -0.28182112,
        0.05804944,  0.07243645,  0.04487258]))]
20170104 5 seconds eigen_pairs: 
[(3.169781080555036, array([-0.10697878, -0.25380731, -0.36309611, -0.25219036, -0.32105444,
       -0.2573622 , -0.2439752 , -0.25068445, -0.35802207, -0.22871369,
       -0.24530491, -0.30177824, -0.32447869])), (1.1453689187622393, array([-0.49365698,  0.16830102, -0.11689111,  0.36143361,  0.30630373,
       -0.13629978,  0.27599318, -0.476021  , -0.05366355, -0.24339076,
       -0.12259953,  0.28640027, -0.09662986])), (1.0069298523645327, array([-0.47119802,  0.11740145,  0.28499384, -0.21545427,  0.04622955,
        0.11470949,  0.11856598,  0.4481252 ,  0.13537137, -0.29536392,
       -0.47160196, -0.27958573,  0.01535972])), (0.9349095278366265, array([-0.34289543, -0.02194829, -0.13846051, -0.33347647, -0.2841086 ,
       -0.40440756,  0.46555589,  0.12631754,  0.07835882,  0.4701826 ,
        0.15742499,  0.14849722,  0.0235734 ])), (0.9019073525046508, array([ 0.48856097,  0.57293173,  0.03723439,  0.08643329, -0.02461648,
       -0.36324294,  0.31087577, -0.03235215,  0.06169987, -0.00589759,
       -0.23421719, -0.26728584, -0.25262111])), (0.8759316502714153, array([ 0.30334367, -0.41394051,  0.1612095 , -0.24290125,  0.12780612,
       -0.41457671,  0.2099216 , -0.06332139,  0.17540586, -0.48658833,
       -0.04882968,  0.2040668 ,  0.3221776 ])), (0.8364570696410013, array([ 0.09098159,  0.19236596, -0.07742856, -0.36823617,  0.18055883,
        0.0503781 , -0.2543362 , -0.24215035, -0.03971947,  0.3533742 ,
       -0.58492612,  0.29805791,  0.31182276]))]
20170104 10 seconds eigen_pairs: 
[(3.6355299298101347, array([-0.12254863, -0.27817537, -0.34955598, -0.28662042, -0.31863294,
       -0.25490949, -0.24456029, -0.23473013, -0.34933763, -0.23740242,
       -0.2603491 , -0.28074344, -0.31120839])), (1.1970297351939008, array([ 0.15649504, -0.12032194,  0.29885619, -0.37087341, -0.17953536,
        0.20857853, -0.10899541,  0.64940643,  0.1359699 , -0.11134223,
       -0.09918517, -0.42495691,  0.05926364])), (1.087435147562427, array([-0.5808113 ,  0.32150101,  0.16655708,  0.07380166,  0.16562526,
       -0.10509953,  0.36050702,  0.05150917,  0.1451625 , -0.4071189 ,
       -0.35218978, -0.16950697, -0.12418951])), (0.9316836486203484, array([ 0.66684961,  0.29185468,  0.08511701,  0.048512  , -0.02587734,
       -0.32780014,  0.35431539, -0.10189166,  0.07428344, -0.0319618 ,
       -0.03146238, -0.23156234, -0.39413154])), (0.8750739994968738, array([-0.00304598, -0.23220087, -0.01253681, -0.14983464, -0.36279727,
       -0.30704624,  0.44744252,  0.05084177,  0.02484892, -0.40957579,
        0.39685419,  0.22286761,  0.34531714])), (0.7972855186589957, array([-0.19028397,  0.33058825, -0.2215692 , -0.07311997, -0.2920283 ,
        0.50961378,  0.2770064 , -0.05847573, -0.2018374 ,  0.12835518,
        0.4511238 , -0.27372679, -0.19817383]))]
20170104 20 seconds eigen_pairs: 
[(4.297194266985981, array([0.10311074, 0.29071126, 0.32719654, 0.29717276, 0.30074997,
       0.27911956, 0.26101861, 0.26029811, 0.34895519, 0.2385298 ,
       0.27069715, 0.26822396, 0.28522726])), (1.223388934337593, array([ 0.51575062, -0.24809665,  0.10395464, -0.16407354, -0.29601246,
        0.16283362, -0.41328688,  0.37726923,  0.0156509 ,  0.39052541,
        0.12308124, -0.19694699,  0.02746299])), (1.0238119387613929, array([-0.32882099,  0.29384663,  0.28121583, -0.20871998,  0.02292389,
        0.19749775, -0.0304999 ,  0.44805089,  0.17538739, -0.22033983,
       -0.30447458, -0.493577  , -0.16137047])), (0.9041926088145746, array([ 0.63029084,  0.25474138,  0.02664628,  0.11742656,  0.23603273,
       -0.26235301,  0.17312548, -0.13769983,  0.16238348, -0.08040569,
       -0.08135463, -0.22150673, -0.51122379])), (0.8114346775166782, array([ 0.13052453, -0.20679486,  0.34416165, -0.00678167,  0.25178154,
        0.11365168, -0.36600745, -0.22932865,  0.17421829, -0.07216666,
       -0.64201758,  0.31755271,  0.10127157])), (0.7783353140925992, array([-0.05557696, -0.21885569,  0.30818307,  0.31724806, -0.45164229,
       -0.57061782,  0.22168485,  0.31198132,  0.14296302, -0.06015517,
       -0.17362247,  0.1520373 ,  0.00333288]))]
20170104 30 seconds eigen_pairs: 
[(4.512027273315487, array([0.07757143, 0.31775659, 0.32970765, 0.29036517, 0.30840402,
       0.28699649, 0.26619042, 0.2381717 , 0.3373633 , 0.23325765,
       0.22793935, 0.27814244, 0.31207137])), (1.3882183064162357, array([-0.5833374 ,  0.22891081, -0.03029879,  0.19803848,  0.22506042,
       -0.02115711,  0.36685916, -0.350383  ,  0.0088271 , -0.40645083,
       -0.23905474,  0.13189164, -0.13749032])), (1.0682094430213283, array([-0.33228242,  0.00623109,  0.41335161, -0.17839295, -0.30609128,
       -0.13451766,  0.06000136,  0.56147178,  0.09458178, -0.08165706,
       -0.43255005, -0.15875916,  0.16825803])), (0.9497010039728611, array([-0.40638984, -0.22705672, -0.12618917, -0.21709183, -0.19394568,
        0.29647717, -0.18246638, -0.04860338, -0.24746779,  0.00949658,
        0.17594739,  0.50031872,  0.46525613])), (0.7471997924929541, array([-0.15746999,  0.30696657, -0.10162967, -0.43318935,  0.07265402,
       -0.29904221,  0.25217532,  0.11516166, -0.09369507, -0.13137493,
        0.60884103, -0.29920527,  0.15869577]))]
20170104 60 seconds eigen_pairs: 
[(4.810366252388185, array([0.05538328, 0.29347463, 0.32664834, 0.2872861 , 0.29960184,
       0.29329658, 0.27441429, 0.268705  , 0.33613716, 0.18719918,
       0.23425907, 0.32685361, 0.29755814])), (1.4647232239423507, array([-0.66560725,  0.21355769,  0.11768404,  0.07804322,  0.10336351,
        0.02453006,  0.31393173, -0.13732217,  0.00121008, -0.43040196,
       -0.42110873,  0.01155032,  0.00320763])), (1.1063657826134101, array([ 0.05063601, -0.36023937,  0.36381654,  0.1895783 , -0.48659041,
        0.00369049, -0.22876646,  0.39295728, -0.01922279, -0.26298144,
       -0.26607888,  0.27213395,  0.20357852])), (0.9432365313585438, array([-0.29603696, -0.05577871, -0.12582527, -0.35575689, -0.07389132,
        0.24477374, -0.13317342, -0.22244281, -0.37384904,  0.0613991 ,
        0.25765739,  0.34053047,  0.5553238 ])), (0.8317740364515852, array([-0.15387162, -0.17651691,  0.09045863,  0.49494666, -0.12290679,
        0.24638472, -0.08672481, -0.43141257, -0.09895669,  0.57551152,
       -0.25734478,  0.04109247, -0.11679029]))]
20170104 120 seconds eigen_pairs: 
0



All of the results are: 

{'20170104': {1: [(2.1326596921813987, array([-0.09881265, -0.23779602, -0.3388278 , -0.25954614, -0.34911352,
       -0.27107403, -0.2254443 , -0.24267779, -0.35952492, -0.23833617,
       -0.24360535, -0.29206465, -0.34019699])), (1.0467684645320539, array([-0.7352396 ,  0.15025352,  0.30822544,  0.19570165,  0.19380031,
       -0.1940124 ,  0.07456383, -0.01192525, -0.11337018, -0.44705529,
       -0.08739265,  0.02640044,  0.03996885])), (1.0077019792599031, array([ 0.12656185,  0.02141076,  0.26374257, -0.44374143, -0.28285835,
       -0.37047595, -0.0517278 ,  0.63193307, -0.02077873, -0.17849362,
        0.04655719,  0.07906458,  0.23889354])), (0.9782336600041951, array([-0.31109239, -0.57080416, -0.02226315, -0.01311344,  0.06543996,
        0.2988528 , -0.53553066,  0.17376923, -0.00609822,  0.043147  ,
        0.38267339,  0.02033126,  0.13191349])), (0.9482444682275251, array([-0.29910539, -0.15266   ,  0.02887922, -0.17970984, -0.21536377,
       -0.33092854,  0.35025744, -0.26656524, -0.12560512,  0.47705862,
        0.36482562,  0.35694457, -0.02449407])), (0.9302372425399669, array([ 0.20134933,  0.41033208,  0.16348541,  0.34885738, -0.18797959,
       -0.27535561, -0.49022503, -0.16731454, -0.10715106, -0.04497553,
        0.48201752,  0.01477898, -0.13085048])), (0.9149820869547513, array([ 0.09518963, -0.10169646,  0.06703544,  0.03061027,  0.0170063 ,
       -0.14930741, -0.39638767, -0.25555766,  0.06224037,  0.0241495 ,
       -0.50964354,  0.64254071,  0.23043228])), (0.8988639576105667, array([ 0.33839279, -0.55110195,  0.12070865,  0.53533395, -0.0796097 ,
       -0.16352888,  0.32443285,  0.0542783 , -0.22200962, -0.28182112,
        0.05804944,  0.07243645,  0.04487258]))], 5: [(3.169781080555036, array([-0.10697878, -0.25380731, -0.36309611, -0.25219036, -0.32105444,
       -0.2573622 , -0.2439752 , -0.25068445, -0.35802207, -0.22871369,
       -0.24530491, -0.30177824, -0.32447869])), (1.1453689187622393, array([-0.49365698,  0.16830102, -0.11689111,  0.36143361,  0.30630373,
       -0.13629978,  0.27599318, -0.476021  , -0.05366355, -0.24339076,
       -0.12259953,  0.28640027, -0.09662986])), (1.0069298523645327, array([-0.47119802,  0.11740145,  0.28499384, -0.21545427,  0.04622955,
        0.11470949,  0.11856598,  0.4481252 ,  0.13537137, -0.29536392,
       -0.47160196, -0.27958573,  0.01535972])), (0.9349095278366265, array([-0.34289543, -0.02194829, -0.13846051, -0.33347647, -0.2841086 ,
       -0.40440756,  0.46555589,  0.12631754,  0.07835882,  0.4701826 ,
        0.15742499,  0.14849722,  0.0235734 ])), (0.9019073525046508, array([ 0.48856097,  0.57293173,  0.03723439,  0.08643329, -0.02461648,
       -0.36324294,  0.31087577, -0.03235215,  0.06169987, -0.00589759,
       -0.23421719, -0.26728584, -0.25262111])), (0.8759316502714153, array([ 0.30334367, -0.41394051,  0.1612095 , -0.24290125,  0.12780612,
       -0.41457671,  0.2099216 , -0.06332139,  0.17540586, -0.48658833,
       -0.04882968,  0.2040668 ,  0.3221776 ])), (0.8364570696410013, array([ 0.09098159,  0.19236596, -0.07742856, -0.36823617,  0.18055883,
        0.0503781 , -0.2543362 , -0.24215035, -0.03971947,  0.3533742 ,
       -0.58492612,  0.29805791,  0.31182276]))], 10: [(3.6355299298101347, array([-0.12254863, -0.27817537, -0.34955598, -0.28662042, -0.31863294,
       -0.25490949, -0.24456029, -0.23473013, -0.34933763, -0.23740242,
       -0.2603491 , -0.28074344, -0.31120839])), (1.1970297351939008, array([ 0.15649504, -0.12032194,  0.29885619, -0.37087341, -0.17953536,
        0.20857853, -0.10899541,  0.64940643,  0.1359699 , -0.11134223,
       -0.09918517, -0.42495691,  0.05926364])), (1.087435147562427, array([-0.5808113 ,  0.32150101,  0.16655708,  0.07380166,  0.16562526,
       -0.10509953,  0.36050702,  0.05150917,  0.1451625 , -0.4071189 ,
       -0.35218978, -0.16950697, -0.12418951])), (0.9316836486203484, array([ 0.66684961,  0.29185468,  0.08511701,  0.048512  , -0.02587734,
       -0.32780014,  0.35431539, -0.10189166,  0.07428344, -0.0319618 ,
       -0.03146238, -0.23156234, -0.39413154])), (0.8750739994968738, array([-0.00304598, -0.23220087, -0.01253681, -0.14983464, -0.36279727,
       -0.30704624,  0.44744252,  0.05084177,  0.02484892, -0.40957579,
        0.39685419,  0.22286761,  0.34531714])), (0.7972855186589957, array([-0.19028397,  0.33058825, -0.2215692 , -0.07311997, -0.2920283 ,
        0.50961378,  0.2770064 , -0.05847573, -0.2018374 ,  0.12835518,
        0.4511238 , -0.27372679, -0.19817383]))], 20: [(4.297194266985981, array([0.10311074, 0.29071126, 0.32719654, 0.29717276, 0.30074997,
       0.27911956, 0.26101861, 0.26029811, 0.34895519, 0.2385298 ,
       0.27069715, 0.26822396, 0.28522726])), (1.223388934337593, array([ 0.51575062, -0.24809665,  0.10395464, -0.16407354, -0.29601246,
        0.16283362, -0.41328688,  0.37726923,  0.0156509 ,  0.39052541,
        0.12308124, -0.19694699,  0.02746299])), (1.0238119387613929, array([-0.32882099,  0.29384663,  0.28121583, -0.20871998,  0.02292389,
        0.19749775, -0.0304999 ,  0.44805089,  0.17538739, -0.22033983,
       -0.30447458, -0.493577  , -0.16137047])), (0.9041926088145746, array([ 0.63029084,  0.25474138,  0.02664628,  0.11742656,  0.23603273,
       -0.26235301,  0.17312548, -0.13769983,  0.16238348, -0.08040569,
       -0.08135463, -0.22150673, -0.51122379])), (0.8114346775166782, array([ 0.13052453, -0.20679486,  0.34416165, -0.00678167,  0.25178154,
        0.11365168, -0.36600745, -0.22932865,  0.17421829, -0.07216666,
       -0.64201758,  0.31755271,  0.10127157])), (0.7783353140925992, array([-0.05557696, -0.21885569,  0.30818307,  0.31724806, -0.45164229,
       -0.57061782,  0.22168485,  0.31198132,  0.14296302, -0.06015517,
       -0.17362247,  0.1520373 ,  0.00333288]))], 120: 0, 60: [(4.810366252388185, array([0.05538328, 0.29347463, 0.32664834, 0.2872861 , 0.29960184,
       0.29329658, 0.27441429, 0.268705  , 0.33613716, 0.18719918,
       0.23425907, 0.32685361, 0.29755814])), (1.4647232239423507, array([-0.66560725,  0.21355769,  0.11768404,  0.07804322,  0.10336351,
        0.02453006,  0.31393173, -0.13732217,  0.00121008, -0.43040196,
       -0.42110873,  0.01155032,  0.00320763])), (1.1063657826134101, array([ 0.05063601, -0.36023937,  0.36381654,  0.1895783 , -0.48659041,
        0.00369049, -0.22876646,  0.39295728, -0.01922279, -0.26298144,
       -0.26607888,  0.27213395,  0.20357852])), (0.9432365313585438, array([-0.29603696, -0.05577871, -0.12582527, -0.35575689, -0.07389132,
        0.24477374, -0.13317342, -0.22244281, -0.37384904,  0.0613991 ,
        0.25765739,  0.34053047,  0.5553238 ])), (0.8317740364515852, array([-0.15387162, -0.17651691,  0.09045863,  0.49494666, -0.12290679,
        0.24638472, -0.08672481, -0.43141257, -0.09895669,  0.57551152,
       -0.25734478,  0.04109247, -0.11679029]))], 30: [(4.512027273315487, array([0.07757143, 0.31775659, 0.32970765, 0.29036517, 0.30840402,
       0.28699649, 0.26619042, 0.2381717 , 0.3373633 , 0.23325765,
       0.22793935, 0.27814244, 0.31207137])), (1.3882183064162357, array([-0.5833374 ,  0.22891081, -0.03029879,  0.19803848,  0.22506042,
       -0.02115711,  0.36685916, -0.350383  ,  0.0088271 , -0.40645083,
       -0.23905474,  0.13189164, -0.13749032])), (1.0682094430213283, array([-0.33228242,  0.00623109,  0.41335161, -0.17839295, -0.30609128,
       -0.13451766,  0.06000136,  0.56147178,  0.09458178, -0.08165706,
       -0.43255005, -0.15875916,  0.16825803])), (0.9497010039728611, array([-0.40638984, -0.22705672, -0.12618917, -0.21709183, -0.19394568,
        0.29647717, -0.18246638, -0.04860338, -0.24746779,  0.00949658,
        0.17594739,  0.50031872,  0.46525613])), (0.7471997924929541, array([-0.15746999,  0.30696657, -0.10162967, -0.43318935,  0.07265402,
       -0.29904221,  0.25217532,  0.11516166, -0.09369507, -0.13137493,
        0.60884103, -0.29920527,  0.15869577]))]}, '20170103': {1: [(2.2101335795392174, array([-0.15699305, -0.29344519, -0.36592187, -0.22156606, -0.10330348,
       -0.24832694, -0.18958321, -0.27582297, -0.35544857, -0.32510413,
       -0.23331124, -0.34682205, -0.33932099])), (1.009774830690711, array([-0.06811648,  0.21939827,  0.00679042,  0.28711166,  0.7756354 ,
       -0.15976881,  0.10407433,  0.11918071,  0.11868111, -0.26933292,
        0.00079712, -0.30361994, -0.18374533])), (1.0051799834903226, array([-0.63493762, -0.1388885 , -0.09378066, -0.27974002,  0.26433442,
        0.17281211,  0.32728866, -0.08583702, -0.24593277,  0.23371055,
        0.3821536 ,  0.12040017,  0.02551887])), (0.9806650503862309, array([-0.42007847,  0.23921291,  0.09385179,  0.44655407, -0.44561761,
        0.08308056,  0.46534048, -0.1119557 ,  0.05625486, -0.24914967,
       -0.19910807, -0.05765477, -0.12381854])), (0.9613271679815145, array([-0.38095635, -0.26385627, -0.0427484 ,  0.24452644, -0.02195384,
        0.47201168, -0.54180823,  0.41895321,  0.12746416, -0.08004618,
       -0.05236146, -0.04058407, -0.06506364])), (0.9462151140785787, array([ 0.01669581, -0.12230762, -0.1314644 ,  0.48258651, -0.14547217,
       -0.25479811, -0.20857066, -0.2444304 , -0.02786734, -0.07358249,
        0.69326829, -0.11590332,  0.21215992])), (0.9223085050540624, array([-0.43243346,  0.50295096,  0.17430329, -0.19883978, -0.00396855,
       -0.32845235, -0.49553617, -0.24431787,  0.1825548 ,  0.02026864,
       -0.07340642,  0.17503274,  0.08495108])), (0.8926901667256962, array([-0.17504371, -0.19278569, -0.09034441, -0.00799603, -0.14957328,
       -0.66496699,  0.13997198,  0.6305297 ,  0.10293222,  0.10318293,
        0.00125107,  0.13473328, -0.05345852]))], 5: [(3.6017072795804705, array([0.17780004, 0.28897264, 0.34621485, 0.21735155, 0.34582031,
       0.24958399, 0.2112472 , 0.25768107, 0.33977723, 0.29552172,
       0.22165938, 0.32206715, 0.26310643])), (1.027863414277388, array([ 0.06389672,  0.35317641,  0.12959347,  0.25433309,  0.1316548 ,
       -0.17465773,  0.61427413, -0.27890686,  0.05375421, -0.25299554,
       -0.13808816, -0.35402996, -0.27466704])), (0.9624400548641181, array([ 0.09819116, -0.12441115, -0.120859  ,  0.32825547, -0.2360682 ,
       -0.42539552,  0.17051835, -0.27115252, -0.23363359,  0.25106612,
        0.51465415,  0.0210632 ,  0.36097184])), (0.9273792721909182, array([-0.93512159,  0.07175284,  0.04306319,  0.26989032, -0.08862174,
        0.01608806,  0.03745592,  0.10658008,  0.10234856, -0.04876875,
        0.09648773,  0.04076901,  0.03167667])), (0.855438123809678, array([-0.16935711,  0.2565463 ,  0.00839905, -0.3778529 ,  0.05462229,
       -0.32163974, -0.00478751, -0.41055501,  0.19347067,  0.31838043,
       -0.44440972,  0.14679307,  0.36027706])), (0.847913700775792, array([-0.15732388,  0.058836  , -0.10435032, -0.70709208,  0.07545415,
        0.10682403,  0.36644576,  0.00443901, -0.0365411 ,  0.09107815,
        0.5222682 , -0.06522145, -0.15120856])), (0.7867677335475061, array([-0.04360143, -0.26447523, -0.14022042,  0.12383397, -0.01485845,
        0.71643949,  0.16966222, -0.56535002, -0.01299442,  0.08297722,
       -0.07737077,  0.01132197,  0.13444117]))], 10: [(4.154985043925225, array([0.16264197, 0.28953898, 0.34532986, 0.23566405, 0.33999836,
       0.26860855, 0.22841794, 0.25206966, 0.34031853, 0.30450857,
       0.21126921, 0.31449987, 0.24366818])), (1.0813441442927507, array([ 0.43837377, -0.15267045, -0.0856009 ,  0.14281105, -0.19053858,
       -0.24697012,  0.22841632, -0.36257825, -0.32289192,  0.16157357,
        0.45449784,  0.04327053,  0.37021025])), (1.018900902370843, array([-0.16302199,  0.3544118 ,  0.05390368,  0.2668573 ,  0.11482076,
       -0.14616326,  0.62510907, -0.33732762,  0.07588284, -0.16258075,
       -0.07683187, -0.37895316, -0.22999904])), (0.906218637215639, array([-7.46099749e-01, -7.15063048e-02, -3.18634551e-04,  4.83025210e-01,
       -1.89179593e-01, -7.54267513e-02, -1.33079690e-01, -8.57527879e-02,
       -3.10314192e-02,  6.16388970e-02,  1.29572316e-01,  1.92385645e-01,
        2.82494558e-01])), (0.8424363781307125, array([ 0.28809518, -0.12241005,  0.1209128 ,  0.3976704 , -0.20374939,
        0.37667944,  0.01836881, -0.08545545, -0.06609507, -0.31688276,
       -0.57502189,  0.0028957 ,  0.32058108])), (0.8163046282298051, array([-0.08512297, -0.10004811,  0.09254918, -0.32289335,  0.16598125,
       -0.30561923,  0.03621183, -0.4320363 ,  0.24695557,  0.38252185,
       -0.4987939 ,  0.15528437,  0.2842197 ]))], 20: [(4.820571081125465, array([-0.16392088, -0.2898542 , -0.34345192, -0.23926919, -0.34035325,
       -0.2848015 , -0.22241655, -0.28814134, -0.32000707, -0.30380231,
       -0.22112526, -0.30528636, -0.21831682])), (1.3375220086731507, array([ 0.42334291, -0.20105628,  0.02869108,  0.14985676, -0.26339743,
       -0.08303387,  0.20399801, -0.3675233 , -0.37913819,  0.09721331,
        0.39061596,  0.08890702,  0.4363875 ])), (0.9773365598822146, array([-0.09549785,  0.26610471,  0.08513026,  0.4986281 ,  0.07875832,
       -0.20371389,  0.58233171, -0.25651551,  0.01582122, -0.3258733 ,
       -0.18929129, -0.22303911, -0.13984741])), (0.8884881490101025, array([-0.62828895, -0.17484135,  0.0460039 ,  0.37753242, -0.03904407,
       -0.24297708, -0.24305506, -0.15817713,  0.075049  ,  0.10534215,
       -0.0790129 ,  0.38174852,  0.34157585])), (0.7636457668209501, array([-0.39044526,  0.09948672, -0.05858427, -0.26592387,  0.16601952,
       -0.2476278 ,  0.22171023, -0.16341357, -0.0433252 ,  0.2922011 ,
        0.63331874, -0.04005228, -0.32986433]))], 120: 0, 60: [(5.41838759842873, array([-0.20086839, -0.27542233, -0.32551751, -0.27769068, -0.30193781,
       -0.2959661 , -0.23981785, -0.28442783, -0.28949117, -0.29586959,
       -0.2337921 , -0.30708415, -0.25148188])), (1.4643994593113931, array([ 0.35385219, -0.21455135, -0.12111343, -0.09014435, -0.33006502,
        0.26562888,  0.19288591, -0.28102556, -0.42420032,  0.09176314,
        0.4995684 ,  0.06683856,  0.26053323])), (0.9979862360629346, array([ 0.04584733,  0.39147686,  0.07310433,  0.2802749 , -0.00331552,
        0.00487936,  0.52819458, -0.17014351, -0.20309762, -0.36844481,
       -0.26528655, -0.39779718,  0.21714681])), (0.7724570948950266, array([ 0.72142465,  0.06226788,  0.00896502,  0.09125651,  0.11052643,
       -0.10133257,  0.03542878, -0.1414621 ,  0.05601196, -0.1222997 ,
       -0.04558693,  0.08745722, -0.62903773]))], 30: [(5.003558040459268, array([0.19193009, 0.28605628, 0.34511514, 0.23143899, 0.32767082,
       0.29406792, 0.22238277, 0.27174124, 0.32171696, 0.29549668,
       0.22271687, 0.31594101, 0.22645765])), (1.414575397890859, array([-0.27548172,  0.13350283,  0.04802189, -0.15064284,  0.20901857,
        0.13469953, -0.40201605,  0.45111104,  0.3230148 , -0.18156325,
       -0.38250614,  0.06067138, -0.40870638])), (1.0597320240212595, array([ 0.23380591, -0.32870282, -0.13682765, -0.49125581, -0.12983833,
        0.27134627, -0.4019297 ,  0.22463519, -0.15900181,  0.27463011,
        0.30629621,  0.27375136,  0.0726601 ])), (0.8255048110863138, array([ 0.77101592,  0.12894863,  0.01261837, -0.20599351,  0.06859964,
        0.13100768,  0.12034944,  0.14127534, -0.07052728, -0.23465257,
       -0.33751301, -0.33937047,  0.02965212])), (0.7170151406700758, array([ 0.37192566, -0.25631596, -0.05547995,  0.41358309,  0.00893868,
       -0.04028251, -0.03006282, -0.05037593,  0.10151392, -0.12464308,
        0.3300285 ,  0.12632948, -0.68262832]))]}, '20150102': {1: [(2.256428322968869, array([0.15988328, 0.28468534, 0.35356584, 0.22083935, 0.31313216,
       0.25623365, 0.11138879, 0.23825971, 0.28508223, 0.34774583,
       0.27529313, 0.34384984, 0.30085234])), (1.297157444123453, array([-0.01070767, -0.35588322,  0.14596745,  0.01740269,  0.34480685,
        0.46384022, -0.5948147 , -0.32044937, -0.1967961 ,  0.01669318,
       -0.10078378,  0.10833346,  0.01379886])), (0.9743365272484568, array([-0.92035925,  0.14105019,  0.1041209 , -0.23745856, -0.03108281,
        0.06351099, -0.04071599,  0.08667511,  0.05558163, -0.00936134,
       -0.03881527,  0.18124736,  0.11879236])), (0.9474604584840937, array([-0.30889795, -0.00940604, -0.02475665,  0.87506771,  0.0880953 ,
       -0.02625938,  0.10379573, -0.19197816,  0.08739618, -0.06378942,
       -0.01541632, -0.15277884, -0.21626711])), (0.9117300301173529, array([ 0.08897348,  0.02347723,  0.11348053, -0.00674041,  0.14571168,
        0.0025654 , -0.20710704,  0.42464896,  0.50031778, -0.26813383,
       -0.57421161,  0.03060882, -0.28509863])), (0.8962443430586131, array([-0.02832551,  0.1102917 , -0.08094508, -0.20756301,  0.11707027,
        0.14611217, -0.13178247, -0.08372686,  0.34959717, -0.22519993,
        0.65784767, -0.12108788, -0.50755183])), (0.8677012936107539, array([-0.05811994, -0.23135219, -0.24321291,  0.1769833 ,  0.00299952,
        0.13358778, -0.09507826,  0.74540728, -0.43003108, -0.04912148,
        0.23670154,  0.09812213, -0.13077009])), (0.8579697846652904, array([ 0.00627155,  0.32570956,  0.00355158, -0.10429337,  0.14038509,
        0.03771394,  0.15065643, -0.0919614 , -0.33055579,  0.44355503,
       -0.23188438,  0.22736134, -0.64747812]))], 5: [(3.447990380725102, array([0.16025434, 0.310788  , 0.33214006, 0.20364003, 0.29702959,
       0.27238908, 0.20243314, 0.26766514, 0.30037535, 0.30371349,
       0.26378114, 0.33461147, 0.2947615 ])), (1.081177467865373, array([-0.21366524,  0.25438776, -0.11977953, -0.38358739, -0.2235728 ,
       -0.21561271,  0.56768626,  0.32219612,  0.34224849, -0.27870389,
       -0.03573472,  0.0424472 , -0.08779133])), (0.9780023331886211, array([ 0.80617974, -0.02026776, -0.04335018, -0.36392822, -0.06973477,
       -0.14417585,  0.01996267, -0.07440608, -0.04072045, -0.09580819,
        0.41166093, -0.05033618, -0.03033566])), (0.8687035295524623, array([ 0.16388789,  0.01982706, -0.06485991,  0.6187627 ,  0.22383199,
       -0.00555512,  0.35733275, -0.14781834,  0.0976872 , -0.30538571,
        0.09602054, -0.1441311 , -0.50319781])), (0.8559702611345259, array([-0.28959273,  0.01279896,  0.12381213, -0.33804226,  0.33961839,
        0.14695842,  0.39262573, -0.61501182, -0.21110107,  0.01875149,
        0.24384035, -0.06041554,  0.0949466 ])), (0.8082941891366785, array([-0.32503754, -0.28942776,  0.00650104, -0.04094363,  0.26071388,
       -0.43017249, -0.28417267,  0.13240081,  0.14097502, -0.04482526,
        0.54284836,  0.30582344, -0.21786183])), (0.7943686144669492, array([ 0.01146409, -0.13995985,  0.13149179, -0.34270181,  0.26793875,
        0.63347477, -0.21891561,  0.23107878,  0.08687856, -0.37572755,
       -0.09843325,  0.0317089 , -0.33425837]))], 10: [(4.249506080811331, array([-0.17292226, -0.32147773, -0.32055017, -0.1947695 , -0.30609812,
       -0.28236347, -0.21701743, -0.2848358 , -0.32176105, -0.28627097,
       -0.25970975, -0.3118097 , -0.27249497])), (1.0713715576103013, array([-0.09891813,  0.12089969, -0.20824654, -0.40030097, -0.16788145,
       -0.08335065,  0.68647323,  0.1814413 ,  0.29748274, -0.35349173,
        0.07392833,  0.04264407, -0.10934683])), (0.9798994413077161, array([ 0.78066179, -0.02688735,  0.04053909, -0.36707989, -0.02776054,
       -0.04040435,  0.00644253, -0.18389923, -0.17348739,  0.05166414,
        0.40293375, -0.12717046, -0.0767763 ])), (0.8425650129732791, array([-0.33556901, -0.15760387,  0.08962064, -0.72198153,  0.08907635,
        0.3196605 , -0.25465042, -0.01178159, -0.07067019,  0.06131274,
        0.08837333,  0.16673955,  0.33733775])), (0.7943137892854115, array([-0.29100481,  0.39833553, -0.03754627,  0.04153016,  0.19894354,
       -0.23018645,  0.09774728, -0.58998295,  0.03948621,  0.00733482,
        0.32098945, -0.32961737,  0.30002832])), (0.7727283984854136, array([-0.02474929, -0.10333339, -0.09774697,  0.12410239, -0.60128949,
       -0.25014689,  0.1413429 ,  0.2063851 , -0.25031958,  0.2732541 ,
        0.16947165,  0.05435835,  0.55502748]))], 20: [(5.035166203046435, array([0.19200916, 0.3063888 , 0.30428137, 0.22427399, 0.32380421,
       0.28734528, 0.23823133, 0.29516914, 0.32186984, 0.27696854,
       0.26224021, 0.27459531, 0.2656928 ])), (1.0071968375708698, array([-0.68446883, -0.16370651,  0.20246276, -0.16300142,  0.09812663,
        0.17133733, -0.39811623,  0.06520483,  0.1245916 ,  0.11625773,
       -0.24919896,  0.30145997,  0.23106556])), (0.8898832852864395, array([-0.39223556,  0.32452449, -0.25825441,  0.37948248,  0.09475497,
        0.05404129,  0.39766063, -0.006614  ,  0.24293591, -0.36425339,
       -0.37740491, -0.02014384, -0.15974201])), (0.8531800840515724, array([-1.58997097e-04, -5.08331081e-02, -1.10030541e-01, -6.67295208e-01,
       -2.79948227e-01,  2.53129528e-01,  4.36966351e-01,  3.30082866e-01,
        4.62026728e-02, -1.99726109e-01,  8.00102299e-03,  2.32532894e-01,
       -3.90605735e-02])), (0.7337213514810175, array([ 0.0639643 , -0.11912051,  0.21325896,  0.04183476,  0.19197508,
        0.24467725, -0.23159108, -0.07375307,  0.10933089, -0.29971498,
        0.22393203,  0.28895661, -0.73706867]))], 120: 0, 60: [(6.116380915951728, array([0.22763177, 0.30663247, 0.30530572, 0.2691741 , 0.30743995,
       0.28633982, 0.23905371, 0.29964278, 0.32429769, 0.26814013,
       0.25585568, 0.256952  , 0.23769132])), (1.066693301644023, array([-0.5603054 , -0.1528235 ,  0.21572266,  0.18697873,  0.2641163 ,
        0.37424537, -0.39379904,  0.06956893,  0.23475514, -0.27700446,
       -0.25717934,  0.09252769, -0.07019236])), (0.8670869800143008, array([-0.12558498, -0.37802121,  0.10522656, -0.38215725, -0.28666486,
        0.147343  ,  0.04229291,  0.34561985, -0.16189649,  0.2388796 ,
       -0.20221251,  0.24583472,  0.52391275])), (0.8228015256239406, array([ 0.22220773, -0.21150751,  0.04290408, -0.4302466 ,  0.25436533,
       -0.03787487, -0.48235196, -0.15429634,  0.13814386,  0.32899089,
        0.24521232,  0.34124   , -0.30403264]))], 30: [(5.435387511178339, array([0.20616074, 0.29121571, 0.28953237, 0.25233613, 0.31817724,
       0.28766794, 0.24683757, 0.30186135, 0.31492926, 0.29388122,
       0.27183746, 0.27004335, 0.23829469])), (0.995608268294771, array([-0.72054329,  0.1859515 ,  0.12216432,  0.18628277,  0.23562697,
        0.21578603,  0.04891826, -0.08852757,  0.17089965, -0.24298815,
       -0.43651692,  0.04161161,  0.06141444])), (0.8892180153394246, array([-0.19446221, -0.44304105,  0.2152063 , -0.41153367,  0.00868428,
        0.19331209, -0.46005082,  0.138829  , -0.02171554,  0.23109728,
       -0.01871574,  0.2828025 ,  0.38425914])), (0.7960567760218009, array([-0.01553727,  0.07924413, -0.09052238, -0.31869256, -0.30939147,
       -0.16404292,  0.63105858,  0.16141727, -0.14364652, -0.06795065,
       -0.24750539,  0.18304137,  0.4655979 ])), (0.775258590091101, array([-0.10696823,  0.08441533,  0.25480741,  0.40984069, -0.06548727,
       -0.20317124, -0.08538238, -0.32267768, -0.41424164,  0.23027185,
        0.13334342, -0.28949184,  0.51512156]))]}}